19 10
10 11 12 13 14 15 16 17 18 19 20 21 22 23 24 26 28 30 35 40 
-2 -1.75 -1.5 -1 -0.5 0 0.5 1 1.5 1.75 2 
477.55 618.939 378.853 465.009 336.006 422.624 315.006 376.239 284.235 335.159 274.312 319.697 243.388 274.388 207.08 234.003 151.694 175.694 158.771 179.771 140.847 166.309 151.771 168.771 125.462 138.462 131.847 150.847 202.771 227.232 165.847 186.847 136 152 352.924 402.847 269.462 319.462 
519.242 648.706 505.394 575.165 451.93 522.239 474.7 511.086 366.774 422.621 345.388 392.235 323.85 369.235 257.08 298.003 265.694 317.08 231.309 250.309 195.232 219.694 181.385 199.385 197.385 214.385 131.462 159.924 336.771 369.771 275.462 309.924 216.462 235.462 502.462 545.462 364.462 421.462 
1265.41 1587.34 1143.48 1352.79 1005.86 1182.55 963.474 1119.55 861.7 975.547 751.777 864.624 708.468 805.315 637.774 742.083 591.85 680.774 561.85 638.774 439.156 502.08 409.309 470.771 416.309 475.309 331.385 373.309 709.541 799.003 607.156 698.08 549.385 631.309 1104.62 1228.08 839.309 965.232 
1259.41 1618.03 1296.56 1546.41 1127.63 1311.33 958.703 1137.86 895.242 1000.17 788.239 924.009 726.468 829.777 742.468 818.93 567.388 635.85 529.541 599.465 451.156 541.003 487.003 542.003 412.309 457.309 450.156 505.541 764.694 837.694 660.618 733.618 567.309 625.771 1173.77 1318.08 888.924 1000.92 
1317.41 1692.65 1268.72 1504.1 1081.32 1259.94 981.936 1151.55 847.777 957.162 831.009 959.318 716.621 827.468 716.468 813.315 597.312 688.697 561.927 632.312 532.541 592.541 454.232 514.694 438.309 483.771 397.232 457.156 697.847 792.847 605.309 679.309 555.847 626.309 1167.69 1319.54 881.385 1001.39 
1268.95 1612.34 1197.79 1434.72 1185.4 1421.33 981.55 1134.24 930.703 1078.94 805.547 933.318 714.006 825.777 756.239 872.547 590.85 696.159 528.541 596.003 511.618 562.618 512.541 584.003 449.08 525.003 405.309 455.309 698.232 817.08 624.771 712.771 533.309 603.771 1184.31 1327.23 924.847 1059.31 
1233.02 1605.19 1164.79 1420.02 1068.32 1275.87 989.706 1147.48 831.009 950.318 759.471 891.78 714.93 803.391 688.468 814.239 619.927 709.312 524.465 609.85 479.232 550.694 495.618 563.618 474.08 551.927 386.309 435.309 722.08 832.388 626.08 707.541 533.924 595.924 1136 1255.46 815.924 935.385 
1195.87 1551.57 1175.87 1416.49 1105.86 1257.02 921.398 1057.17 803.086 917.394 800.086 916.856 619.697 712.083 558.312 646.697 493.618 574.465 511.003 583.927 471.618 552.465 437.694 500.618 387.385 456.771 316.309 367.309 629.771 740.618 573.309 656.771 459.924 525.847 1011.31 1139.31 819.771 938.771 
527.703 701.015 492.777 595.394 567.78 654.936 305.08 349.541 314.08 390.312 300.541 355.85 276.771 311.694 299.541 327.003 214.694 254.618 218.232 251.694 185.385 205.385 201.847 230.847 164.924 184.924 184.309 209.232 310.309 346.309 230.924 265.385 220.462 250.924 507.309 558.309 368.924 423.924 
495.398 618.862 395.547 465.318 330.621 425.7 345.93 409.7 268.85 332.621 268.85 314.235 214.003 257.388 216.156 254.541 176.694 207.618 149.847 160.847 162.309 187.771 166.08 185.08 151.847 167.847 123.924 141.385 210.309 241.232 179.924 212.847 163.462 183.462 303 346 221 264 
320.242 575.327 313.242 443.245 259.239 410.474 204.083 309.162 171.85 249.697 157.927 224.697 122.541 184.85 142.927 202.774 90.7706 154.08 94.3089 134.771 83.7706 125.694 86.6942 143.003 67.8471 105.309 59.8471 89.3089 97.8471 154.309 89.9235 143.385 71.9235 117.385 135.924 226.385 104.385 173.847 
336.089 527.171 253.853 390.856 209.159 369.009 213.083 324.239 167.003 225.927 142.541 222.774 137.003 197.388 122.232 176.08 108.694 176.541 96.6942 143.618 86.7706 129.232 78.3853 133.771 61.8471 95.8471 52.3853 80.3853 89.3853 146.385 93.3853 147.309 70.4618 131.924 169.771 246.771 109.462 181.462 
272.7 400.242 231.391 361.933 203.774 294.468 182.312 253.621 133.156 206.465 141.618 202.927 123.618 172.003 115.847 167.771 85.7706 128.232 110.694 144.694 83.8471 134.156 78.3089 127.694 64.4618 105.924 54.4618 81.9235 115.847 172.847 105.385 171.771 78.9235 129.847 152.924 231.924 109 187 
237.777 378.703 160.003 260.235 207.159 295.853 144.694 228.388 135.08 197.927 126.08 189.388 80.8471 119.771 102.771 145.232 78.3853 124.771 87.8471 122.309 68.9235 104.385 82.9235 114.385 73.3853 107.847 55.9235 72.9235 85.9235 148.385 78.9235 123.924 81.9235 118.924 169.385 267.847 103 184 
194.697 298.315 175.388 268.621 154.465 215.85 97.7706 173.541 95.7706 148.156 92.3089 155.08 107.694 159.541 112.771 157.232 89.7706 136.232 80.3853 110.385 57.4618 83.4618 58.9235 89.3853 44.4618 73.4618 51.9235 92.8471 88.4618 140.924 82.9235 141.924 69 111 123 224.462 89 168 
168.312 224.159 173.85 243.159 122.694 194.465 101.694 143.08 92.7706 137.694 102.847 132.309 96.3089 145.694 80.3853 121.309 84.3089 104.309 43.9235 78.9235 72.3853 96.3853 41.4618 72.4618 48.4618 77.9235 50.9235 79.9235 92.9235 132.847 68.4618 108.924 46 84 132 218.462 102.924 160.924 
114.618 185.465 167.465 222.85 114.694 156.156 89.7706 137.232 99.7706 147.156 85.7706 136.694 69.3853 108.847 67.4618 110.924 81.3853 123.771 70.8471 93.3089 54.9235 81.9235 46.9235 76.9235 43.4618 64.4618 47 73 67 114.462 62 97 59 91 129 211.462 73 142 
130.465 203.312 118.156 162.08 84.9235 173.541 102.309 135.771 95.7706 151.156 90.3089 140.694 91.7706 120.232 80.3853 132.309 64.8471 92.3089 63.9235 91.3853 50.9235 75.3853 52.3853 73.3853 24 41 41 69 75.3853 107.385 66 101.462 51.4618 78.4618 109 196 73 147 
103.694 160.618 86.8471 134.309 90.7706 126.232 72.9235 105.385 80.3853 128.309 61.3853 78.3853 60.4618 95.4618 69.3853 95.8471 30 56 51.4618 79.4618 38.4618 65.9235 48 69 33.9235 52.9235 27 38 61.4618 99.4618 51 85.4618 38 67 90 157 74 145 
104.694 168.541 94.7706 145.156 106.156 145.156 62 84 76.8471 99.8471 53 87 50.3853 75.3853 64.9235 80.9235 45 64 41.4618 68.4618 33.4618 59.4618 30 58.9235 36 61 33 54 49 85 46 68 48 82 66 134 66 126 
66.3853 110.847 83.9235 121.385 65.4618 100.462 70.3853 111.385 71.9235 107.924 60.9235 80.9235 56.4618 82.9235 39 57 36 51 28 48.4618 35.4618 55.4618 38.4618 53.4618 43 61 25 47 54.4618 93.9235 37 64 34 61 77 136 64 110 
67.8471 92.8471 53.9235 93.3853 64.9235 97.8471 69 103 61 92 53.4618 81.4618 64.9235 86.9235 41.4618 63.4618 41 65 41.4618 64.4618 32 54 30 43 30.4618 50.9235 36.9235 52.9235 42 84 48.4618 72.4618 43 73 74.4618 137.462 65.4618 120.462 
66.9235 97.3853 65.3853 105.847 72.3853 99.8471 66.9235 84.9235 56.4618 89.9235 58.4618 87.9235 43 66 33 44 47.4618 59.4618 49.4618 71.4618 28 44 30 45 18 42 16 32 41 71 34 66 24 54 80 150.462 44 91 
56.3853 88.8471 54.4618 94.3853 49.4618 74.4618 47.4618 72.4618 39 66.4618 47.4618 72.4618 47 73 36.4618 67.3853 30 51 31.4618 37.4618 29 47 33.4618 53.4618 25 42 19 33 31 58 39 66 28 59.4618 74 124 35 80 
81.9235 144.385 89.3853 152.309 102.462 175.385 104.462 149.462 81.9235 126.924 101.385 156.847 60 107.462 82.9235 114.924 68.4618 112.462 73.3853 100.385 50.4618 74.4618 47 86 50 89 38 70 66.4618 121.462 58 100.462 54 93 114 222.462 93.4618 158.924 
82 136.924 91.3853 133.385 100.385 150.847 92.3853 129.385 83.9235 115.924 65.4618 109.462 65.4618 99.4618 66.9235 101.924 46 72 44 76 43 73 38.4618 61.4618 50 82 27 54.4618 77 127 49 100 37 67 93 175 70 128 
61 100.462 66.4618 116.462 77.4618 129.924 64.4618 110.462 50 90 69 117 53 79 56 97 55 77 40 75 33 53 28 48 38 65 23 47.4618 58 111 49 84 27 59 88 180.462 74 136 
143.385 235.385 153.462 243.924 174.847 266.847 143.462 248.924 144.924 230.924 117 203 128.462 207.462 123.924 189.924 104.924 162.924 73 156.462 85 145 73 144 77 130 56 105 121 221 96 168 76 154 153.462 296.462 127.462 274.462 
95.4618 162.462 97.9235 164.924 110 188.924 91.4618 163.924 106 178 75 146 83 143 87.4618 142.462 76 131 75.4618 122.462 56 113.462 46.4618 88.4618 57 106 51 96 98 173 62 135 61 111 109 245 104 211 
